%YAML:1.0
---
C: !!opencv-matrix
   rows: 3
   cols: 3
   dt: d
   data: [ 9.1234465679824348e+02, 0., 6.4157634413436961e+02, 0.,
       7.6573154962089018e+02, 3.6477945186797331e+02, 0., 0., 1. ]
D: !!opencv-matrix
   rows: 5
   cols: 1
   dt: d
   data: [ 0., -4.2669718747763807e-01, 2.6509688616309912e-01,
       -5.3624979910268683e-04, -4.1011485564833132e-04 ]
